resources/quena_map.asc
ncols        720
nrows        720
xllcorner    32.679861111111
yllcorner    25.020138888889
cellsize     0.000277777778
[rows 144 to 191 of 720, columns 480 to 575 of 720]
138 139 141 142 144 146 148 150 152 155 156 157 157 158 159 159 160 161 161 161 161 163 164 166 167 167 169 173 175 176 174 171 171 173 173 172 172 172 172 172 172 174 175 176 178 180 180 181 183 187 191 194 199 205 208 208 208 206 204 202 199 196 194 191 191 190 189 188 187 186 186 186 187 187 186 184 181 179 175 170 164 160 155 150 148 143 136 134 130 127 128 129 130 130 129 128
139 140 142 143 144 146 148 151 152 155 157 157 157 157 158 159 159 160 161 161 160 161 163 164 165 166 169 173 175 176 176 174 174 175 174 172 172 172 173 173 173 174 174 176 177 178 179 180 183 187 191 195 200 205 207 208 208 207 205 202 198 196 194 191 191 191 191 190 188 187 187 188 187 186 185 184 182 179 177 173 167 165 159 155 152 149 142 137 130 127 128 129 129 128 127 126
138 141 143 144 144 146 149 151 153 155 156 158 158 157 157 159 160 160 161 162 162 162 163 165 165 166 168 171 172 175 177 177 178 178 176 174 172 173 173 174 175 175 176 177 177 178 179 181 184 188 191 196 202 207 208 208 208 207 205 202 198 196 195 193 193 194 194 192 190 188 189 189 187 186 185 184 182 181 180 178 175 172 169 163 158 152 144 135 127 126 128 128 128 127 126 125
138 140 143 143 145 148 150 152 154 156 157 159 160 159 157 158 160 160 160 163 164 165 166 167 165 164 165 167 169 173 175 178 180 180 178 176 175 174 174 175 176 177 179 180 179 180 181 184 186 187 191 196 203 207 209 209 208 208 206 203 200 197 197 196 196 196 196 194 192 190 190 189 189 187 186 184 183 182 183 180 179 177 175 168 162 153 146 134 129 127 127 126 127 128 128 126
137 139 141 142 145 150 153 154 155 155 156 159 160 159 158 158 161 162 163 164 164 165 168 167 165 163 163 165 167 170 173 177 179 179 178 178 177 177 177 177 177 177 180 181 182 183 187 188 188 189 192 197 202 207 209 210 210 209 208 206 203 200 199 198 197 199 200 198 195 194 193 191 189 188 186 185 184 186 186 183 179 177 172 166 161 155 147 135 131 130 127 125 127 129 128 126
138 139 141 145 149 152 153 154 154 155 155 157 158 159 159 159 162 164 164 164 163 164 165 166 163 163 163 164 166 168 171 174 176 178 178 179 179 178 179 180 178 177 179 182 184 187 189 190 191 194 195 199 204 207 209 210 209 209 208 208 205 203 201 201 202 204 204 201 198 197 196 194 191 188 187 186 186 187 187 184 180 175 169 164 156 151 145 134 132 130 128 128 128 127 126 126
138 142 145 149 152 153 154 154 155 155 155 155 156 158 159 162 164 165 164 163 163 164 164 165 164 165 166 166 166 167 168 170 173 175 176 178 179 179 179 181 180 178 179 182 185 187 189 191 196 200 201 203 205 207 210 210 209 208 208 209 206 205 204 205 206 207 208 204 201 199 196 195 193 190 188 188 188 186 184 182 179 175 168 160 153 147 140 131 128 126 129 130 128 126 125 125
140 144 147 150 152 153 154 155 156 157 156 156 157 158 160 162 164 164 164 164 164 166 166 165 166 167 169 168 168 168 167 168 170 173 174 176 179 179 180 183 183 182 181 182 184 187 191 194 199 204 206 206 206 207 209 210 210 208 208 207 207 205 206 208 208 209 210 208 204 201 197 194 192 191 189 189 189 186 184 182 179 173 165 158 154 148 139 130 124 125 129 131 129 127 125 124
142 144 146 149 151 153 154 155 157 159 159 159 160 160 161 163 164 165 166 167 167 169 169 167 168 170 171 170 169 168 168 168 170 173 173 175 176 178 180 183 184 184 184 183 185 188 192 197 201 205 207 208 206 205 208 209 209 208 207 206 206 206 207 209 210 210 210 208 205 201 197 194 192 190 189 190 191 188 184 180 174 169 164 159 154 148 139 131 127 126 129 129 127 126 125 124
142 144 146 147 150 154 156 157 159 162 162 162 163 163 162 163 165 167 169 169 169 171 171 169 171 173 174 173 171 170 169 169 170 172 174 175 177 178 179 182 185 186 186 186 187 191 194 198 202 206 207 207 206 206 208 208 207 206 206 206 206 206 207 208 211 211 209 207 204 200 197 194 191 189 189 190 190 188 181 178 171 166 161 153 148 141 136 132 130 129 129 127 126 125 124 123
143 146 147 148 150 155 158 159 160 162 163 164 165 164 163 163 165 167 168 169 169 170 170 170 172 175 176 175 173 172 172 171 171 172 174 176 177 178 179 180 183 184 186 187 189 191 194 198 203 206 207 206 206 207 208 208 206 206 205 206 207 208 207 208 209 209 208 206 203 199 196 193 191 190 189 190 190 185 181 175 168 159 156 150 145 142 137 132 129 128 127 126 125 125 125 124
146 149 150 150 153 156 158 158 157 159 161 164 165 164 163 164 165 167 168 168 168 167 168 170 173 174 175 175 174 174 174 174 172 172 174 175 176 177 178 179 180 182 183 185 188 191 193 198 203 208 208 206 206 207 208 206 206 205 205 205 206 207 207 207 209 209 208 206 203 200 198 195 193 190 189 189 189 185 180 172 161 157 154 152 151 148 141 135 130 126 125 126 125 126 126 126
149 151 152 153 155 157 157 157 157 158 161 163 164 164 163 163 164 166 167 168 167 166 167 170 172 172 173 174 175 175 175 175 174 172 173 174 175 175 175 177 178 179 180 182 187 189 194 197 202 205 207 206 206 207 207 206 204 205 205 205 205 207 207 207 209 210 209 207 205 203 200 196 193 191 190 190 191 187 180 170 163 160 160 161 159 153 145 135 129 124 124 125 125 125 125 125
151 153 154 154 156 156 156 157 157 158 160 162 163 164 162 161 162 164 167 168 167 166 167 169 171 173 173 174 174 175 176 177 175 174 174 174 174 175 176 176 177 177 178 180 185 188 191 196 199 202 204 205 205 207 207 205 205 204 204 204 204 206 207 207 210 210 208 207 206 204 201 197 195 194 193 191 191 189 182 173 170 171 171 168 162 157 147 137 129 125 124 124 123 123 123 124
153 155 156 156 156 156 156 157 158 158 159 161 163 164 163 161 161 161 164 166 166 167 169 170 171 174 175 175 174 175 177 177 176 175 177 176 175 176 178 178 177 176 177 178 183 186 190 194 196 198 202 205 205 206 206 206 206 204 203 201 202 204 204 205 207 207 206 206 205 202 200 197 196 193 192 191 192 192 186 181 177 177 171 167 163 158 149 139 132 124 123 124 123 123 123 123
153 155 156 156 157 157 159 160 160 159 159 161 164 165 164 162 162 162 164 166 166 168 169 170 170 173 176 176 176 176 177 177 177 178 179 179 177 178 179 179 178 177 176 179 182 185 188 191 193 196 201 204 203 204 204 205 205 202 201 199 199 201 202 203 204 205 204 204 202 200 198 197 194 192 191 191 193 191 189 185 181 176 172 168 165 162 153 144 136 124 123 124 123 123 124 125
153 155 157 156 156 158 159 160 161 161 160 162 164 165 165 164 164 165 166 168 168 168 168 169 170 171 173 175 176 177 178 178 179 180 180 181 180 179 181 182 182 180 179 180 183 184 186 187 190 193 197 199 200 202 203 204 203 201 199 197 198 200 201 201 203 203 202 201 200 198 197 196 195 193 193 193 193 192 190 186 184 180 174 171 168 164 154 146 134 126 123 124 123 123 125 126
154 157 157 157 157 157 157 160 162 162 162 163 164 166 165 165 165 167 168 169 169 169 168 169 170 173 175 176 177 178 179 180 180 180 181 183 183 184 187 189 189 187 185 184 185 185 186 186 187 189 192 195 197 200 202 202 202 198 196 196 197 200 201 202 202 203 201 200 200 199 198 199 197 197 198 197 196 194 191 188 186 182 177 173 170 163 154 141 130 123 125 126 124 124 124 125
156 157 158 157 157 158 158 160 162 163 163 164 165 166 165 166 167 168 170 171 171 171 169 170 172 175 177 178 179 179 180 181 181 181 181 182 184 187 191 194 195 195 192 190 188 187 187 188 189 190 190 191 194 197 198 199 199 196 194 195 198 200 201 202 202 202 202 202 203 203 202 203 201 200 201 199 197 195 193 191 190 187 182 175 169 160 148 136 127 126 126 126 125 124 123 124
155 156 157 158 158 159 160 161 162 164 165 165 165 165 166 167 167 168 169 171 172 172 171 172 174 176 177 179 180 181 181 181 181 181 183 185 187 189 192 196 199 200 198 194 192 191 190 191 191 191 190 190 191 193 195 197 197 194 193 196 199 201 202 202 202 203 204 204 205 206 208 209 206 204 202 199 197 196 195 194 193 188 183 176 169 159 145 135 129 128 126 124 123 122 122 123
156 157 158 159 161 161 161 161 163 164 166 166 166 166 167 168 168 168 170 171 172 173 173 175 177 178 178 179 181 183 183 184 182 183 184 187 189 191 193 198 203 204 200 197 194 193 192 191 192 192 192 191 190 191 193 194 195 194 194 195 199 201 202 202 202 202 204 204 205 208 211 213 211 207 203 201 199 198 197 197 195 190 182 175 164 156 145 135 132 130 127 123 123 122 122 123
158 159 159 160 161 162 161 162 163 164 166 167 169 169 169 170 170 171 173 174 174 175 176 176 177 179 179 181 183 184 185 186 186 187 189 190 192 192 194 200 203 204 201 197 195 193 192 192 193 194 194 193 192 192 192 192 195 196 196 197 198 200 202 201 200 201 202 202 204 206 209 211 210 207 206 205 203 199 199 199 198 193 183 173 161 153 145 136 132 129 127 124 123 123 123 123
160 161 160 160 162 162 162 163 163 163 165 168 170 170 171 172 172 173 175 177 177 179 179 178 178 179 181 182 183 184 186 188 189 190 192 195 195 195 197 201 203 203 201 198 196 194 193 193 195 195 195 194 193 193 193 192 195 197 199 199 199 201 201 200 198 198 199 201 203 205 208 209 208 207 207 207 205 201 199 199 198 193 185 176 165 155 148 140 131 126 122 122 123 123 124 123
162 164 163 162 163 163 163 163 163 164 165 168 170 170 171 172 172 173 176 178 180 182 181 180 178 180 181 182 183 184 187 190 190 192 196 198 199 198 199 203 206 205 203 200 198 197 196 195 196 196 197 196 195 195 194 194 196 198 200 200 201 202 202 200 198 198 198 200 203 205 207 208 208 208 207 207 207 203 202 202 201 196 188 179 169 159 150 142 134 127 120 119 120 122 123 123
164 166 166 165 165 166 165 163 164 165 167 169 170 170 170 172 174 175 177 178 180 182 183 180 180 181 182 183 183 186 188 191 191 194 198 200 201 202 203 205 207 208 206 203 201 200 199 197 196 197 197 196 194 195 195 195 197 198 199 201 202 202 202 201 199 198 198 200 202 204 206 207 208 208 208 208 208 206 205 204 202 196 187 178 170 161 153 146 137 129 121 120 120 122 123 124
167 169 169 168 168 167 165 165 166 168 170 171 170 171 172 174 177 177 177 178 179 182 182 181 181 182 183 184 185 187 189 190 193 196 200 203 204 205 206 206 208 208 208 206 204 202 201 199 197 198 197 196 195 195 195 196 196 197 198 200 201 201 201 201 201 199 197 199 201 202 204 206 207 207 206 208 209 208 207 206 204 198 190 181 174 166 156 148 139 131 124 123 123 123 123 124
169 170 169 170 171 169 167 168 170 172 174 173 172 173 175 177 179 179 179 179 179 181 181 181 180 182 184 186 187 187 189 191 195 200 204 205 206 206 206 206 208 209 208 206 205 204 203 200 199 198 197 194 193 194 194 196 197 197 197 199 200 199 201 202 201 199 197 199 199 200 202 203 206 206 206 209 211 210 209 208 206 202 194 187 183 173 161 152 143 136 129 123 122 121 121 123
170 169 170 172 172 171 170 171 173 174 176 176 175 175 177 179 181 182 182 181 181 181 181 181 181 183 185 187 187 188 191 194 198 202 205 205 205 205 206 207 209 209 208 207 205 205 204 201 199 197 193 188 188 190 194 195 198 199 199 198 198 199 201 201 200 197 195 195 197 199 201 203 205 206 205 208 211 211 210 211 209 203 197 192 184 173 164 153 146 138 130 123 122 122 121 122
173 171 172 173 175 174 174 174 174 175 176 178 178 177 178 179 180 182 183 184 182 181 181 182 184 185 186 187 187 190 193 197 200 202 204 203 204 204 205 208 209 209 207 206 206 205 203 201 198 194 189 185 182 185 190 195 199 200 199 198 197 198 199 199 198 195 190 192 195 198 201 203 206 205 204 207 210 210 209 210 209 205 201 196 187 174 167 157 148 137 126 123 124 123 122 121
178 175 174 174 176 176 176 175 175 176 178 179 180 180 180 179 179 180 183 184 184 183 182 185 187 188 188 188 188 189 193 197 201 201 201 201 202 202 204 206 208 208 207 207 207 204 201 198 194 189 185 181 178 180 188 193 197 199 199 199 198 198 199 199 197 193 188 188 192 194 198 201 203 205 205 207 209 207 205 206 207 207 205 198 186 174 165 156 147 134 124 122 123 124 122 122
183 179 177 176 177 177 176 176 177 178 179 180 180 181 182 181 180 180 183 186 187 186 185 187 188 189 190 190 191 191 194 198 200 200 200 200 201 202 203 205 206 206 206 206 205 201 197 193 189 184 180 178 174 175 185 192 196 200 200 201 200 199 200 199 196 191 184 182 185 189 194 195 198 203 205 206 205 203 203 203 203 204 200 194 186 175 164 153 142 130 124 123 123 124 125 125
184 182 179 179 180 179 178 178 179 179 180 181 182 184 184 182 183 183 185 187 190 190 187 187 188 189 190 191 193 194 195 197 199 200 200 200 201 202 203 204 204 205 205 205 205 201 195 190 185 179 173 171 167 171 181 190 196 200 201 200 200 199 199 198 193 188 180 175 176 182 186 190 194 198 200 200 200 198 198 200 200 199 197 193 186 174 164 151 135 129 125 124 123 124 127 127
186 185 182 181 181 182 182 182 180 179 180 183 186 187 187 188 188 187 187 187 190 191 189 188 189 190 190 191 193 194 195 197 198 199 199 201 202 203 204 204 204 204 204 202 202 198 193 188 181 172 167 163 160 165 176 186 193 199 199 199 198 197 197 195 190 186 177 168 168 174 179 182 187 191 195 195 195 194 195 197 198 197 195 191 183 170 162 149 135 127 122 122 124 126 128 127
188 185 183 182 182 183 184 184 182 181 183 186 188 189 190 192 192 192 190 190 191 193 192 191 191 192 192 191 193 194 196 197 198 198 200 202 203 204 203 202 202 202 200 200 198 196 190 183 175 167 161 157 156 161 169 178 187 193 196 196 195 196 195 192 187 182 174 166 164 167 172 177 182 186 189 191 192 190 190 193 193 192 191 188 179 167 158 148 134 126 123 122 123 125 126 125
188 185 184 184 184 184 184 184 183 183 185 188 189 191 193 195 196 195 195 194 194 195 194 194 193 193 193 192 193 195 196 197 198 200 201 202 202 202 201 200 199 198 198 197 199 194 186 180 172 161 156 153 154 159 166 173 180 187 191 191 191 192 191 188 181 175 171 166 161 161 165 170 177 184 185 187 188 187 188 190 189 188 188 186 180 167 159 150 140 130 126 123 122 124 125 124
190 188 186 186 186 184 185 184 183 183 185 188 190 193 195 197 197 196 195 196 196 197 197 196 194 194 194 194 195 197 198 199 200 201 202 201 201 201 199 198 197 197 195 196 196 193 187 178 167 157 150 148 151 157 163 170 175 181 187 189 188 187 186 181 176 171 167 163 159 160 161 167 175 180 182 182 182 184 187 188 186 185 186 185 182 178 168 157 146 133 127 122 121 121 122 122
194 193 190 190 189 188 185 185 185 186 187 189 191 193 195 196 196 195 195 196 197 198 199 198 197 197 197 197 198 199 199 200 201 203 203 202 200 199 197 195 194 194 193 193 193 192 185 176 165 155 148 146 148 153 161 169 174 179 184 186 184 182 179 174 171 168 163 159 159 162 166 172 179 183 184 183 183 184 186 186 184 184 185 184 184 180 170 160 144 133 126 122 121 120 120 121
197 195 194 193 191 187 185 184 185 188 189 191 192 193 194 195 194 193 194 195 196 197 198 198 198 199 200 200 200 200 200 201 202 203 204 202 200 197 195 192 190 189 190 190 188 186 181 173 165 155 148 145 145 149 157 164 169 174 178 179 177 175 173 168 164 161 157 158 162 167 174 180 184 186 188 189 189 188 187 186 184 184 185 185 184 180 174 164 147 134 128 124 122 121 120 121
196 193 192 191 186 181 179 180 179 184 188 191 191 191 192 193 193 193 194 195 196 197 198 198 199 200 201 202 202 202 202 201 201 201 202 200 197 195 194 191 188 187 188 187 183 180 177 171 163 156 149 146 143 146 153 158 163 168 171 171 170 168 165 162 157 155 156 160 168 173 180 185 187 189 190 191 191 190 189 186 185 186 187 188 184 180 174 165 151 138 129 124 123 121 121 122
194 190 188 186 182 175 173 173 173 176 184 187 188 188 190 192 192 193 194 195 197 198 200 200 199 201 203 204 204 203 202 201 200 199 200 198 195 194 191 188 186 185 185 185 180 176 172 166 161 155 149 144 141 142 147 153 157 161 164 165 162 157 157 156 155 155 159 166 172 177 183 188 190 190 191 192 192 191 189 187 185 186 187 188 187 182 174 162 149 139 129 125 122 120 120 120
190 186 184 182 175 168 167 167 169 175 182 187 188 189 190 192 192 194 194 196 196 199 201 201 201 201 202 202 203 203 202 200 199 199 197 195 193 190 186 184 181 180 183 185 181 175 169 161 156 152 147 142 140 140 142 148 150 153 158 159 154 150 148 150 153 157 162 168 176 181 187 189 190 191 191 192 192 192 191 188 187 186 186 188 186 182 174 160 146 139 130 122 118 119 119 119
182 178 177 172 162 158 161 166 172 180 187 189 190 191 193 195 196 196 196 196 197 199 201 202 201 201 201 201 202 202 202 201 200 196 192 191 189 184 180 179 176 176 180 185 184 180 175 165 156 151 144 140 138 138 140 142 143 145 148 150 148 146 145 147 151 159 166 173 180 185 188 187 189 189 190 191 192 193 192 190 187 186 185 184 183 182 174 156 144 137 129 122 120 119 120 120
175 169 164 158 150 153 160 168 174 181 186 189 190 191 194 196 197 197 196 195 196 197 199 197 197 196 197 197 198 199 199 199 198 193 188 185 182 177 175 173 173 174 178 183 183 181 180 173 162 152 145 139 137 136 137 138 140 142 143 142 142 146 149 155 161 168 173 178 182 184 184 184 186 187 188 190 190 190 190 189 187 186 184 182 182 181 173 157 144 136 128 123 120 119 120 121
170 161 154 148 149 154 165 170 176 180 183 186 187 188 190 190 193 193 192 192 193 194 194 192 191 189 189 190 190 191 194 194 191 187 181 177 174 169 167 165 166 172 178 182 180 177 175 170 163 152 144 140 136 134 135 137 140 141 142 143 147 152 156 162 171 177 180 180 179 179 179 180 181 182 185 187 188 188 187 187 186 185 181 178 178 175 169 158 145 136 128 122 120 120 120 122
163 156 150 148 152 159 167 174 177 178 178 179 180 181 181 183 184 185 185 186 187 188 189 189 186 182 180 181 179 181 186 187 183 179 174 169 163 160 158 158 162 171 178 181 178 173 166 162 155 146 141 138 135 135 136 139 141 142 144 149 156 160 164 170 177 180 180 176 172 171 173 176 176 178 182 185 185 186 185 184 184 182 178 177 175 170 166 156 144 136 129 122 121 121 121 121
155 149 146 147 153 160 168 172 171 171 170 171 171 172 172 173 176 177 175 175 175 178 181 181 178 174 172 169 170 173 177 179 177 173 168 162 156 152 152 155 163 172 179 180 174 166 158 153 146 140 137 134 134 136 140 142 143 144 148 156 163 166 169 174 176 175 173 170 167 164 165 168 173 178 183 184 184 185 183 183 182 181 179 177 173 169 164 153 140 131 126 123 121 121 120 120
148 145 144 147 153 159 164 167 166 165 164 163 163 163 162 164 168 167 164 163 164 167 171 171 171 170 164 160 160 164 168 170 169 166 162 156 151 148 150 156 166 173 179 177 169 162 154 146 138 134 133 132 134 137 141 144 147 150 154 163 171 173 174 175 173 168 165 166 162 159 159 164 173 179 182 182 182 182 180 180 180 180 179 178 176 171 164 153 140 129 123 122 120 120 120 121
144 142 142 146 151 157 161 164 162 162 158 154 154 156 154 156 158 158 155 154 154 156 163 166 166 164 159 153 152 157 161 161 161 157 152 150 147 147 150 159 165 173 178 175 167 156 149 141 135 134 134 133 134 138 142 146 151 157 162 168 176 180 178 175 168 163 160 158 157 158 161 167 174 176 178 179 179 178 178 179 179 180 180 180 178 174 169 160 146 132 123 121 120 119 120 121
