resources/quena_map.asc
ncols        720
nrows        720
xllcorner    32.679861111111
yllcorner    25.020138888889
cellsize     0.000277777778
[rows 528 to 575 of 720, columns 576 to 671 of 720]
87 86 84 84 87 77 77 77 77 77 77 77 77 77 77 77 77 77 77 77 77 77 77 77 77 77 77 77 77 78 82 84 86 87 87 86 85 84 83 84 83 84 85 85 84 84 84 87 90 90 89 88 87 89 93 94 95 95 98 100 100 99 99 99 99 98 96 97 97 96 97 103 107 113 120 127 135 141 144 143 136 128 122 122 121 115 105 103 104 103 101 99 99 98 97 97
88 86 84 83 83 79 77 77 77 77 77 77 77 77 77 77 77 77 77 77 77 77 77 77 77 77 77 77 77 77 83 84 86 87 87 86 86 86 86 85 84 84 85 86 85 84 84 88 88 88 87 86 87 89 92 94 94 94 96 98 98 98 98 98 97 96 96 97 97 98 102 105 108 112 117 123 130 134 137 139 137 132 127 121 117 109 102 101 102 102 101 99 99 99 99 98
87 85 83 82 81 85 77 77 77 77 77 77 77 77 77 77 77 77 77 77 77 77 77 77 77 77 77 77 77 77 83 82 83 85 85 84 86 87 86 86 85 84 85 87 89 86 85 85 85 85 88 89 90 89 90 92 92 93 95 96 97 97 98 98 97 96 97 98 98 99 100 103 106 110 115 118 120 124 127 131 135 138 132 124 115 109 104 102 102 101 100 99 98 99 99 97
86 85 84 83 82 90 92 77 77 77 77 77 77 77 77 77 77 77 77 77 77 77 77 77 77 77 77 77 77 77 79 81 80 82 82 82 83 84 85 84 84 83 84 86 88 89 86 84 84 86 89 91 89 87 86 87 90 92 94 96 96 96 97 97 97 97 98 98 98 98 98 98 103 108 113 113 111 114 120 125 133 136 133 127 120 115 109 107 104 103 100 98 99 100 99 95
84 85 85 84 84 87 86 77 77 77 77 77 77 77 77 77 77 77 77 77 77 77 77 77 77 77 77 77 77 77 79 80 80 80 81 81 83 84 83 81 80 82 83 84 91 95 89 85 84 86 88 87 87 87 87 86 86 88 92 93 95 95 95 95 96 98 98 97 97 98 99 100 101 104 106 105 106 110 118 124 127 129 128 126 121 117 109 108 106 102 99 97 99 101 101 98
82 85 85 84 83 86 84 79 77 77 77 77 77 77 77 77 77 77 77 77 77 77 77 77 77 77 77 77 77 77 77 81 83 83 83 84 84 83 81 79 79 82 86 84 98 102 92 85 85 87 87 85 84 86 86 84 82 85 87 90 93 93 94 94 96 97 97 96 95 97 100 102 101 99 98 100 102 107 114 120 122 122 121 120 119 114 108 106 104 99 97 97 99 101 102 100
80 83 84 83 84 84 82 80 77 77 77 77 77 77 77 77 77 77 77 77 77 77 77 77 77 77 77 77 77 77 77 81 84 86 86 86 85 82 80 80 80 86 88 85 82 88 88 87 87 87 86 84 84 84 82 80 82 83 85 87 89 90 92 91 93 96 97 95 95 97 100 101 100 97 96 97 99 102 107 113 116 115 111 111 112 111 106 103 100 99 97 96 94 97 97 92
79 81 83 83 84 84 83 83 77 77 77 77 77 77 77 77 77 77 77 77 77 77 77 77 77 77 77 77 77 77 77 87 86 86 87 88 86 84 81 80 82 83 80 73 72 78 83 85 87 87 85 85 85 82 79 79 82 87 86 86 86 87 86 90 93 95 95 95 95 95 97 98 97 96 95 96 98 99 102 106 108 106 104 104 106 105 103 100 99 100 100 95 91 91 91 88
80 81 83 84 84 84 84 84 89 77 77 77 77 77 77 77 77 77 77 77 77 77 77 77 77 77 77 77 77 77 77 77 85 85 86 87 88 85 82 80 79 81 80 78 79 81 80 85 87 86 84 85 84 82 81 83 87 90 89 86 87 84 85 89 93 93 92 94 94 95 95 95 95 95 94 97 98 98 98 98 99 100 101 104 104 104 101 98 99 102 101 97 92 88 87 88
82 83 85 85 85 84 83 81 90 103 77 77 77 77 77 77 77 77 77 77 77 77 77 77 77 77 77 77 77 77 77 77 77 83 84 86 86 84 83 82 81 80 80 82 84 85 86 87 86 82 81 81 81 82 83 86 89 90 89 87 85 84 85 88 90 91 90 92 92 93 94 94 94 94 95 97 97 97 96 96 96 97 103 105 106 106 103 99 99 101 101 98 93 89 89 90
83 84 86 87 85 83 82 81 81 85 77 77 77 77 77 77 77 77 77 77 77 77 77 77 77 77 77 77 77 77 77 77 77 83 84 84 84 84 84 84 81 79 80 84 86 88 87 86 83 80 79 79 80 81 82 85 88 89 89 88 86 85 86 86 87 87 90 91 91 91 93 94 94 95 95 95 95 96 96 96 96 98 104 109 110 107 104 101 98 99 98 95 92 92 93 95
83 85 86 87 85 83 82 83 81 81 77 77 77 77 77 77 77 77 77 77 77 77 77 77 77 77 77 77 77 77 77 77 77 84 87 85 84 83 83 82 81 79 79 82 85 86 86 85 83 80 79 79 79 81 83 86 88 89 89 88 86 86 86 86 86 87 88 89 89 90 92 93 93 93 93 93 94 94 96 96 96 98 103 108 108 105 100 99 96 97 96 93 91 91 93 96
84 85 85 86 85 83 83 84 84 82 87 77 77 77 77 77 77 77 77 77 77 77 77 77 77 77 77 77 77 77 77 77 77 77 88 85 85 84 82 82 81 80 79 83 84 85 86 85 84 83 83 82 80 82 85 87 88 87 87 87 87 86 86 87 88 86 87 87 87 88 91 91 92 92 93 93 93 93 94 96 97 98 102 106 106 101 97 93 93 94 94 92 92 90 91 93
84 85 85 86 85 83 83 85 86 85 84 77 77 77 77 77 77 77 77 77 77 77 77 77 77 77 77 77 77 77 77 77 77 77 85 82 83 85 85 84 84 82 83 86 86 84 85 85 86 87 87 83 81 82 86 87 87 85 84 85 86 86 87 88 88 86 86 87 87 87 87 89 90 91 91 92 92 92 94 97 98 97 98 101 102 99 94 91 91 93 94 94 94 91 90 91
85 85 86 87 86 84 84 85 86 85 83 84 77 77 77 77 77 77 77 77 77 77 77 77 77 77 77 77 77 77 77 77 77 77 77 80 81 86 88 87 87 86 87 88 87 85 83 86 87 88 86 81 79 82 86 86 84 82 82 84 86 87 88 88 86 85 85 87 87 86 86 88 89 89 89 91 92 92 93 96 96 94 94 97 98 97 95 95 95 94 95 96 94 90 90 92
85 85 86 86 86 85 85 84 84 84 82 85 77 77 77 77 77 77 77 77 77 77 77 77 77 77 77 77 77 77 77 77 77 77 77 77 81 85 88 88 89 88 87 87 88 85 83 85 86 86 85 81 79 82 85 83 82 82 83 85 87 87 87 85 85 84 86 87 86 85 87 89 90 88 87 88 91 91 93 92 91 91 92 95 96 97 99 98 97 95 94 94 93 90 91 91
85 85 86 86 85 85 84 84 84 83 83 86 77 77 77 77 77 77 77 77 77 77 77 77 77 77 77 77 77 77 77 77 77 77 77 77 77 84 87 88 88 87 85 86 86 85 83 84 84 84 84 82 84 85 84 84 83 83 84 85 86 85 85 84 83 85 86 86 85 85 87 90 89 86 85 86 88 90 89 88 89 91 93 94 93 93 95 95 95 93 92 93 94 93 92 90
85 86 87 86 86 85 84 85 85 82 82 83 99 77 77 77 77 77 77 77 77 77 77 77 77 77 77 77 77 77 77 77 77 77 77 77 77 91 85 87 88 86 85 85 87 87 86 83 83 82 83 85 87 87 85 84 84 84 84 84 84 84 84 84 83 85 88 87 85 84 87 88 87 85 84 86 87 88 86 87 90 94 95 94 92 89 90 91 93 92 92 93 95 94 91 89
86 86 86 86 86 84 84 86 85 83 83 83 83 77 77 77 77 77 77 77 77 77 77 77 77 77 77 77 77 77 77 77 77 77 77 77 77 77 83 84 86 86 86 87 87 89 88 85 83 83 86 87 88 86 85 84 84 84 85 86 85 83 83 83 84 87 88 87 85 85 85 85 84 84 85 86 87 87 86 86 90 93 95 95 93 91 88 89 90 91 91 93 93 93 91 88
87 86 86 86 84 82 83 86 87 87 86 85 83 77 77 77 77 77 77 77 77 77 77 77 77 77 77 77 77 77 77 77 77 77 77 77 77 77 77 82 83 86 87 87 88 89 90 89 87 87 88 88 86 86 86 85 85 85 86 87 86 83 83 82 82 85 86 85 84 84 83 83 84 85 86 85 85 86 86 86 88 90 91 91 91 90 87 85 88 89 90 90 90 90 89 86
85 85 86 85 83 81 83 86 87 87 86 84 83 79 77 77 77 77 77 77 77 77 77 77 77 77 77 77 77 77 77 77 77 77 77 77 77 77 77 77 83 87 88 88 89 90 90 89 89 89 89 87 85 85 87 87 86 86 86 86 85 84 84 83 82 84 85 84 84 84 84 84 85 86 86 85 84 85 86 87 88 88 87 87 88 87 85 86 86 88 88 87 87 87 87 85
84 85 85 85 83 82 83 85 86 85 83 81 82 78 77 77 77 77 77 77 77 77 77 77 77 77 77 77 77 77 77 77 77 77 77 77 77 77 77 77 86 89 88 88 89 90 89 87 89 89 89 87 84 85 87 88 87 85 85 84 84 85 85 85 84 85 86 86 86 86 85 85 84 86 86 85 84 85 86 86 86 86 85 85 86 86 85 85 86 86 87 86 86 86 85 85
86 85 85 85 86 84 83 83 84 85 83 80 80 82 77 77 77 77 77 77 77 77 77 77 77 77 77 77 77 77 77 77 77 77 77 77 77 77 77 77 90 88 87 87 88 89 88 87 87 89 88 87 85 84 86 87 85 84 84 84 85 86 86 86 86 85 86 87 88 87 87 85 83 84 86 86 86 86 85 85 85 85 85 85 85 85 85 84 84 85 87 87 86 85 85 85
87 87 85 84 85 84 83 82 83 84 84 82 81 81 77 77 77 77 77 77 77 77 77 77 77 77 77 77 77 77 77 77 77 77 77 77 77 77 77 77 77 87 86 86 87 88 88 87 87 88 88 87 87 87 85 87 87 86 84 85 85 86 86 86 87 86 86 87 87 87 86 83 82 83 85 86 86 86 86 86 85 85 85 85 85 83 83 84 84 85 87 88 86 85 86 86
70 83 79 81 82 83 82 82 82 83 84 84 83 85 90 77 77 77 77 77 77 77 77 77 77 77 77 77 77 77 77 77 77 77 77 77 77 77 77 77 77 77 87 85 87 89 89 88 87 87 86 88 88 88 86 87 90 89 86 85 85 86 86 86 87 86 86 86 86 85 84 82 81 83 84 85 86 86 86 86 85 84 84 85 83 82 83 85 85 86 87 87 87 86 86 87
79 81 83 84 84 81 81 81 80 81 83 83 84 83 78 77 77 77 77 77 77 77 77 77 77 77 77 77 77 77 77 77 77 77 77 77 77 77 77 77 77 77 81 86 87 89 89 89 89 87 87 89 90 88 87 87 91 90 85 83 84 85 85 84 85 85 84 84 85 85 85 84 83 83 83 84 85 85 86 86 85 84 84 83 82 80 84 86 86 86 85 84 84 84 85 87
85 85 86 89 86 84 81 80 80 81 82 83 84 82 79 77 77 77 77 77 77 77 77 77 77 77 77 77 77 77 77 77 77 77 77 77 77 77 77 77 77 77 85 84 86 88 89 90 90 90 90 92 91 89 89 90 92 90 86 84 84 85 84 81 82 82 83 85 86 86 86 87 86 85 85 85 84 84 85 86 86 85 85 85 83 82 83 84 85 84 83 81 82 82 84 85
85 87 86 86 87 86 85 82 81 81 83 84 83 82 79 77 77 77 77 77 77 77 77 77 77 77 77 77 77 77 77 77 77 77 77 77 77 77 77 77 77 77 77 88 88 89 91 92 90 92 92 92 90 90 91 93 93 90 87 86 86 86 85 82 82 83 85 87 87 86 87 88 87 87 87 86 85 85 86 87 87 87 87 87 85 84 83 83 84 84 83 81 82 83 84 83
86 87 87 83 79 82 81 78 79 81 83 84 83 82 84 77 77 77 77 77 77 77 77 77 77 77 77 77 77 77 77 77 77 77 77 77 77 77 77 77 77 77 77 77 84 88 91 89 88 91 92 90 90 90 91 91 92 89 87 87 86 87 87 86 86 87 87 87 86 85 88 88 86 85 85 85 85 87 88 87 87 88 87 86 86 86 85 84 86 88 85 83 83 85 84 84
84 86 87 83 79 80 77 78 81 82 82 83 83 83 83 77 77 77 77 77 77 77 77 77 77 77 77 77 77 77 77 77 77 77 77 77 77 77 77 77 77 77 77 77 77 85 86 84 86 89 90 88 88 89 88 88 90 89 87 87 87 88 89 90 90 89 89 88 85 86 88 89 87 85 85 86 87 87 87 87 88 89 87 87 87 88 86 86 87 88 86 83 84 85 85 84
84 85 87 86 84 83 83 83 85 86 85 85 83 83 83 77 77 77 77 77 77 77 77 77 77 77 77 77 77 77 77 77 77 77 77 77 77 77 77 77 77 77 77 77 77 77 78 83 85 87 87 86 86 86 86 87 88 87 86 87 88 88 89 90 90 89 90 88 85 83 85 88 88 88 88 88 87 87 88 90 90 89 87 86 88 88 87 86 86 85 83 83 85 86 85 85
85 87 87 86 85 84 86 87 88 88 89 87 83 82 83 77 77 77 77 77 77 77 77 77 77 77 77 77 77 77 77 77 77 77 77 77 77 77 77 77 77 77 77 77 77 77 77 81 84 84 86 87 88 87 89 89 88 86 86 87 88 88 88 90 89 89 89 88 85 83 84 87 89 90 90 89 88 88 91 93 92 89 87 86 87 86 85 83 83 84 85 85 87 87 86 84
86 87 86 85 84 84 86 87 88 88 89 85 81 80 81 77 77 77 77 77 77 77 77 77 77 77 77 77 77 77 77 77 77 77 77 77 77 77 77 77 77 77 77 77 77 77 77 77 85 85 86 90 90 90 91 91 88 86 86 87 87 87 87 87 87 87 87 86 85 84 85 87 88 89 89 88 87 88 91 96 92 89 87 86 86 86 85 84 84 85 87 88 89 89 87 86
87 86 84 84 85 85 85 85 87 88 86 80 75 73 78 86 77 77 77 77 77 77 77 77 77 77 77 77 77 77 77 77 77 77 77 77 77 77 77 77 77 77 77 77 77 77 77 77 90 85 86 89 91 91 91 90 88 87 87 86 87 87 87 87 87 86 86 85 85 85 85 86 87 88 89 89 87 86 88 89 89 88 86 86 86 85 86 87 86 87 87 88 88 88 88 88
86 83 81 82 86 86 85 85 87 89 84 80 76 77 84 95 77 77 77 77 77 77 77 77 77 77 77 77 77 77 77 77 77 77 77 77 77 77 77 77 77 77 77 77 77 77 77 77 89 85 86 89 92 91 91 89 88 90 89 89 88 89 88 88 87 87 86 86 86 86 85 86 87 88 89 90 88 86 84 83 86 87 87 87 86 86 86 87 88 87 87 86 86 88 90 90
85 82 82 84 85 85 86 86 88 87 84 81 79 82 86 89 77 77 77 77 77 77 77 77 77 77 77 77 77 77 77 77 77 77 77 77 77 77 77 77 77 77 77 77 77 77 77 77 77 84 84 89 92 91 90 90 90 90 90 89 90 90 89 88 87 86 85 85 86 85 85 87 87 88 88 88 89 87 85 85 85 86 87 88 87 86 87 88 87 88 87 85 85 87 91 91
86 85 85 86 85 85 87 88 87 86 84 83 82 82 81 78 98 77 77 77 77 77 77 77 77 77 77 77 77 77 77 77 77 77 77 77 77 77 77 77 77 77 77 77 77 77 77 77 77 77 83 89 91 90 90 91 91 91 90 90 91 90 88 87 88 86 85 85 85 85 85 86 87 87 87 87 88 88 87 87 88 87 87 86 85 86 87 87 87 87 86 84 83 85 89 89
88 87 87 87 86 86 87 87 86 85 85 84 83 83 81 76 78 77 77 77 77 77 77 77 77 77 77 77 77 77 77 77 77 77 77 77 77 77 77 77 77 77 77 77 77 77 77 77 77 77 77 86 89 90 89 91 91 91 91 91 92 90 88 87 87 87 86 85 85 84 86 86 87 87 87 88 88 87 86 88 90 89 87 84 83 84 85 85 86 87 86 84 83 84 86 87
87 87 88 87 86 85 85 85 84 83 83 83 84 85 83 79 78 78 77 77 77 77 77 77 77 77 77 77 77 77 77 77 77 77 77 77 77 77 77 77 77 77 77 77 77 77 77 77 77 77 77 86 89 89 90 89 90 90 89 91 92 91 89 88 88 88 87 86 85 85 85 85 86 88 88 89 88 86 86 88 90 89 86 84 83 83 82 83 84 86 85 84 82 83 85 87
87 87 88 87 85 83 84 84 84 82 82 83 85 85 83 80 79 81 86 77 77 77 77 77 77 77 77 77 77 77 77 77 77 77 77 77 77 77 77 77 77 77 77 77 77 77 77 77 77 77 77 77 89 89 89 89 89 88 88 90 92 91 90 88 87 87 87 86 85 85 85 85 87 88 89 88 87 86 87 88 89 88 86 85 84 83 83 83 84 84 86 85 84 84 84 85
89 89 87 87 85 84 84 85 84 83 83 84 85 84 82 81 80 80 81 81 77 77 77 77 77 77 77 77 77 77 77 77 77 77 77 77 77 77 77 77 77 77 77 77 77 77 77 77 77 77 77 77 90 89 89 89 89 88 88 90 91 91 88 86 86 86 86 85 85 85 86 87 87 87 87 86 86 87 87 88 88 88 88 88 86 85 85 85 86 85 85 85 85 83 83 82
91 91 87 86 86 85 85 86 87 86 86 86 86 84 83 83 82 81 81 81 80 77 77 77 77 77 77 77 77 77 77 77 77 77 77 77 77 77 77 77 77 77 77 77 77 77 77 77 77 77 77 77 92 90 89 90 90 88 88 89 91 90 88 85 86 87 86 85 85 86 87 87 86 86 86 85 86 87 88 89 89 89 89 88 89 87 86 87 87 86 85 85 85 83 83 82
91 90 87 85 85 85 86 87 88 88 87 88 86 85 84 85 85 84 83 83 82 82 82 77 77 77 77 77 77 77 77 77 77 77 77 77 77 77 77 77 77 77 77 77 77 77 77 77 77 77 77 77 77 87 88 89 89 88 88 90 91 90 88 87 89 90 87 84 85 86 88 87 85 86 86 86 85 85 87 89 90 90 88 88 89 89 87 86 86 86 85 86 86 85 85 85
89 89 88 86 86 85 85 87 88 88 87 86 86 84 85 86 87 87 86 84 83 83 81 77 77 77 77 77 77 77 77 77 77 77 77 77 77 77 77 77 77 77 77 77 77 77 77 77 77 77 77 77 77 88 87 88 88 88 89 90 90 89 89 90 92 92 88 86 85 86 87 86 85 85 86 85 84 84 85 87 89 89 88 88 88 89 88 87 87 87 87 86 86 86 86 85
88 89 90 89 86 84 85 87 88 88 87 86 84 85 85 86 86 87 87 85 85 85 83 79 77 77 77 77 77 77 77 77 77 77 77 77 77 77 77 77 77 77 77 77 77 77 77 77 77 77 77 77 77 77 85 86 87 88 89 90 89 90 91 92 93 92 90 88 88 87 85 85 85 85 85 85 85 86 86 87 87 87 87 87 89 90 90 89 89 90 90 89 88 87 86 86
87 89 90 90 87 85 86 88 88 87 87 86 86 85 86 85 85 86 86 86 88 86 83 80 81 80 77 77 77 77 77 77 77 77 77 77 77 77 77 77 77 77 77 77 77 77 77 77 77 77 77 77 77 77 77 85 86 87 88 89 89 89 91 91 92 92 92 90 89 87 84 84 85 85 87 87 87 86 86 87 88 88 87 87 90 91 91 91 93 92 93 92 90 88 86 86
88 88 89 89 88 87 88 89 88 86 87 88 87 87 87 86 85 84 84 88 90 88 83 81 81 81 78 78 77 77 77 77 77 77 77 77 77 77 77 77 77 77 77 77 77 77 77 77 77 77 77 77 77 77 77 84 84 86 89 89 87 88 89 90 91 91 92 90 89 88 85 85 87 88 88 87 87 85 85 86 87 88 88 87 89 91 91 91 92 91 91 92 90 88 87 86
87 87 87 87 87 87 88 90 88 86 87 88 88 88 88 87 85 83 83 87 89 89 86 84 82 78 77 81 78 78 77 77 77 77 77 77 77 77 77 77 77 77 77 77 77 77 77 77 77 77 77 77 77 77 77 79 83 85 86 88 87 87 88 89 89 90 90 90 90 90 87 86 88 89 87 86 85 85 84 84 86 87 86 86 87 89 89 89 88 88 88 89 89 88 88 87
