resources/quena_map.asc
ncols        720
nrows        720
xllcorner    32.679861111111
yllcorner    25.020138888889
cellsize     0.000277777778
[rows 576 to 623 of 720, columns 288 to 383 of 720]
128 129 129 130 132 133 135 138 138 138 138 137 135 134 133 132 131 129 127 126 124 123 123 124 125 125 125 125 126 127 127 126 124 124 122 117 116 115 116 115 114 113 111 110 112 112 111 110 108 107 107 108 108 106 106 106 106 105 103 101 101 101 102 102 100 100 100 100 100 101 101 100 99 100 99 98 99 100 100 100 100 101 102 103 103 103 102 101 100 98 100 104 103 102 101 101
129 129 129 129 130 132 134 137 138 138 137 136 135 134 133 132 130 128 127 126 124 123 124 126 126 126 125 125 125 124 124 123 124 124 120 117 115 114 114 113 114 113 112 111 111 111 110 108 107 106 106 107 107 106 106 106 106 105 104 102 102 102 103 102 101 101 101 99 99 100 100 99 99 100 100 98 97 99 99 99 99 100 101 102 103 102 102 102 101 100 101 102 104 102 102 102
131 131 129 129 129 131 133 135 136 137 137 135 133 132 132 131 129 128 127 125 126 125 125 125 126 125 125 125 124 122 122 121 122 121 118 115 114 112 111 111 112 114 114 113 111 111 109 108 106 105 105 105 105 106 106 105 105 105 105 104 103 104 104 103 102 102 100 99 99 100 100 100 99 100 99 97 96 98 98 99 99 100 101 102 101 101 101 100 100 101 101 103 103 103 102 102
132 132 131 130 130 131 132 134 136 137 137 135 133 132 131 131 131 129 127 127 127 127 126 126 125 123 122 122 122 121 120 119 118 117 115 113 112 110 109 110 111 113 114 113 111 109 109 107 107 105 105 104 104 104 104 103 103 104 104 104 104 104 105 104 103 102 100 100 100 101 101 100 100 99 98 96 96 97 98 99 100 101 101 102 102 102 101 100 100 100 100 102 103 103 103 103
131 132 132 132 132 132 132 133 135 135 135 133 133 133 132 132 133 134 132 130 128 128 127 127 124 122 119 119 119 119 119 117 114 114 114 112 110 109 109 110 110 112 113 112 110 108 107 107 107 106 105 104 103 103 103 104 104 103 103 104 104 104 105 104 103 101 100 101 102 101 102 102 100 99 98 97 97 97 98 99 100 100 100 101 102 101 101 102 102 101 102 104 105 105 105 105
132 132 132 132 133 133 133 133 134 134 133 133 133 133 133 133 134 135 133 129 128 127 126 125 123 119 118 117 116 115 116 114 112 113 112 111 109 108 109 110 109 110 111 111 109 108 108 108 108 107 105 104 103 103 105 106 106 103 103 105 105 105 105 104 102 101 100 101 101 102 103 102 100 98 98 99 99 99 99 99 99 100 100 100 101 101 102 103 104 104 103 104 106 105 105 105
133 132 132 133 133 133 133 133 133 133 133 133 132 132 133 134 133 132 128 126 125 124 122 122 119 116 115 115 113 113 112 111 112 112 112 111 110 109 109 110 109 109 110 110 110 110 110 110 109 107 105 105 104 105 107 107 105 104 104 104 106 106 105 104 103 101 101 100 101 103 103 100 99 98 98 100 101 100 99 98 99 100 101 100 100 101 103 105 107 106 105 105 105 103 103 103
132 133 133 133 133 132 131 131 132 134 134 134 133 132 133 134 132 129 125 123 122 121 119 120 118 116 115 115 115 113 113 113 112 113 111 111 111 111 110 110 109 110 111 112 112 112 112 112 111 108 107 106 107 108 108 107 106 104 104 104 105 106 106 105 103 102 101 101 101 103 102 100 99 99 100 100 100 100 99 99 99 100 101 100 100 101 104 108 109 107 107 107 104 103 103 102
133 134 133 133 133 132 132 132 133 135 135 134 132 130 132 132 130 127 124 122 121 120 119 119 120 120 119 119 119 118 117 115 114 114 113 113 114 112 110 109 109 110 113 114 114 114 114 113 112 110 108 108 108 108 109 107 105 103 103 102 102 104 105 104 103 102 102 101 100 101 100 99 100 101 102 101 100 100 99 100 100 100 100 100 101 102 105 108 109 107 107 107 104 103 103 101
134 134 132 132 133 134 134 134 134 134 134 133 130 129 129 129 127 126 124 122 121 122 121 120 123 124 122 122 122 121 120 117 115 115 116 117 118 117 113 112 112 113 116 117 116 115 115 114 113 111 109 108 107 107 107 106 103 102 102 101 101 102 104 103 103 102 103 102 101 100 99 98 99 101 103 102 100 100 100 100 100 100 100 101 102 103 104 108 108 107 106 106 104 103 102 101
133 132 131 131 132 134 135 135 135 134 133 132 129 126 126 125 124 125 126 124 124 124 125 126 128 127 125 124 123 122 121 119 115 115 118 122 125 122 120 120 120 120 121 119 116 115 116 115 114 112 110 108 106 105 105 103 103 102 102 103 103 103 102 104 104 104 103 103 102 101 100 99 100 102 103 102 100 100 101 101 100 99 100 102 103 105 105 106 107 107 106 105 103 103 103 103
134 132 131 133 134 135 136 137 136 135 134 132 129 127 125 125 124 126 129 128 128 129 130 131 132 130 128 126 124 123 122 118 116 116 120 124 126 127 127 126 124 123 123 121 118 118 118 118 116 114 112 109 107 106 105 105 105 104 104 105 105 103 103 104 105 104 103 102 102 102 103 102 102 101 101 102 101 102 102 102 99 99 100 102 105 106 106 106 106 106 107 106 105 105 105 105
136 132 133 136 138 137 136 136 136 136 135 133 131 130 129 128 126 127 130 132 131 131 132 133 134 132 130 129 128 127 124 121 118 120 121 123 125 128 129 128 126 126 126 123 122 123 123 121 117 115 112 110 108 107 108 108 107 106 106 106 105 102 102 103 103 103 103 103 102 103 103 102 102 101 101 102 102 102 102 101 100 101 102 104 106 107 107 107 106 106 107 108 108 107 106 105
136 134 134 137 138 137 135 134 134 135 135 133 133 134 135 134 132 132 134 136 135 133 133 133 133 132 132 131 131 131 129 125 124 123 124 122 123 126 127 127 127 128 127 125 125 126 125 122 118 115 113 112 111 110 110 108 107 105 106 106 106 104 102 102 102 103 103 103 102 102 102 102 102 102 102 102 101 101 100 100 101 102 104 106 108 108 108 107 106 105 107 108 107 106 105 104
137 136 135 136 137 136 135 134 134 135 135 133 133 135 137 139 139 138 138 138 136 134 133 133 133 133 133 133 133 132 130 127 126 126 124 122 122 124 124 124 126 127 126 126 126 126 125 123 121 118 116 115 116 115 112 109 107 105 105 106 105 104 102 102 102 103 104 103 102 102 102 102 104 103 102 103 102 101 100 101 102 103 105 106 107 108 108 107 105 105 105 107 106 104 103 103
138 138 137 137 137 137 136 136 136 136 135 133 132 135 138 141 142 139 139 139 137 135 133 133 134 134 134 134 133 131 130 128 128 128 125 122 121 121 121 120 121 123 123 123 124 124 124 124 122 121 121 120 119 116 112 109 108 106 105 104 104 104 104 103 103 104 103 102 101 101 102 103 104 103 103 103 102 102 102 102 103 105 106 106 106 107 106 105 104 104 105 106 105 103 103 104
139 139 138 138 138 138 138 138 138 137 136 134 134 135 139 142 140 139 139 140 138 136 135 135 135 135 134 134 134 133 131 130 130 129 127 124 122 121 121 119 118 118 118 119 119 121 122 124 123 123 123 122 120 117 113 110 108 105 104 104 104 105 105 104 104 103 102 101 101 102 103 104 104 104 103 103 102 103 103 103 105 107 106 106 106 106 105 104 105 105 105 105 104 104 104 104
137 138 138 138 139 140 140 141 141 140 138 136 134 135 138 139 139 138 139 138 137 136 136 136 135 135 134 133 134 133 132 131 130 131 130 129 125 123 121 119 116 114 114 114 115 117 120 122 124 124 123 120 119 116 113 111 106 104 104 104 104 105 104 105 105 103 101 101 103 104 104 104 103 103 103 103 102 103 103 104 106 107 107 106 106 106 106 106 106 107 106 105 104 104 104 103
136 138 138 138 140 141 141 141 141 141 139 137 136 136 137 137 138 137 135 134 135 134 134 134 133 133 133 133 133 134 134 132 131 131 132 130 127 124 120 118 116 114 112 112 112 115 119 122 123 124 121 118 116 115 112 110 106 104 105 104 103 103 104 105 105 103 102 102 104 104 104 104 105 104 104 104 104 103 104 105 105 106 106 106 106 106 107 107 108 107 107 106 107 107 105 102
135 136 137 138 139 141 141 141 141 142 141 140 139 139 138 137 136 134 133 132 132 133 132 132 132 132 132 131 132 133 133 133 132 132 131 130 127 124 121 118 118 118 116 113 111 114 119 120 121 121 119 116 115 113 110 108 106 105 104 103 103 103 103 104 104 102 101 102 104 104 104 106 106 106 106 106 104 104 105 106 106 106 106 106 105 106 106 107 108 108 108 108 109 108 106 102
135 135 135 136 138 139 139 140 141 143 143 142 141 140 138 136 134 133 132 131 132 133 133 132 131 130 130 129 129 130 131 131 132 131 130 130 127 125 122 119 118 118 117 115 112 115 117 117 118 117 115 113 112 110 107 106 106 105 105 104 103 104 103 103 103 102 102 102 103 103 105 106 107 108 108 106 104 104 105 105 106 105 107 106 106 106 106 106 107 108 109 109 107 107 105 103
135 135 135 135 136 138 138 139 140 142 143 143 142 140 138 136 133 133 132 132 133 134 133 131 130 130 130 129 128 128 129 129 130 129 129 129 127 124 123 120 118 116 117 115 112 113 114 113 113 112 111 111 109 107 105 104 104 105 106 105 104 104 103 102 103 103 103 102 102 102 104 107 108 109 109 107 106 105 105 105 104 107 109 109 109 108 108 107 107 109 109 108 106 105 104 102
136 136 136 136 136 138 139 139 140 141 141 141 141 140 138 135 133 133 133 134 135 135 134 131 130 130 131 130 128 126 126 127 126 126 125 125 123 122 121 119 116 114 114 113 111 110 109 110 110 108 107 107 107 107 105 104 104 104 106 106 105 104 103 103 103 103 103 102 102 102 105 108 108 108 108 107 106 106 105 106 109 110 111 110 110 110 110 109 109 109 109 107 106 105 103 102
136 136 138 138 138 139 140 140 140 140 139 138 138 137 136 135 134 134 134 135 135 134 133 131 130 130 131 129 126 124 123 122 122 121 121 121 120 119 117 116 114 112 113 111 111 110 109 109 110 109 107 107 107 107 106 105 105 105 106 106 105 104 104 104 104 104 104 103 102 102 105 108 108 107 106 106 106 106 107 108 110 110 110 110 110 110 110 110 110 109 109 108 106 105 103 102
136 136 138 139 139 140 140 140 140 138 138 137 136 134 134 134 134 134 134 134 134 134 132 131 130 129 128 125 123 122 122 120 120 119 119 119 118 116 116 115 116 116 116 115 115 114 111 111 112 111 110 108 108 107 106 105 105 105 105 105 105 105 105 105 104 104 104 103 103 103 104 108 108 107 106 106 107 108 109 109 110 109 110 111 111 110 110 109 109 109 108 107 106 106 105 103
136 137 139 141 142 141 141 140 139 138 138 137 136 135 134 134 133 133 133 133 134 134 133 132 130 128 126 123 123 124 124 123 122 119 119 120 120 120 120 120 120 122 123 122 119 116 113 113 113 112 110 108 107 106 105 105 104 105 106 106 105 105 106 105 104 104 104 104 104 104 106 106 107 107 106 107 108 108 109 109 109 109 110 112 113 112 110 109 109 109 107 106 106 106 105 104
139 139 140 142 143 142 141 140 138 139 139 139 137 136 136 135 133 133 132 133 135 136 135 133 132 129 126 125 126 127 128 126 124 122 123 125 125 123 123 123 123 125 126 125 122 119 114 114 112 110 109 107 106 105 104 104 104 105 106 106 105 105 105 104 104 105 104 104 104 104 105 106 106 106 106 107 108 108 108 107 108 109 110 112 113 112 110 109 109 109 107 106 105 105 105 104
142 141 140 141 142 141 140 139 138 138 139 139 138 138 138 136 135 134 134 135 136 136 136 134 133 131 129 129 130 131 129 128 126 125 126 126 125 124 123 123 123 124 124 124 124 119 116 114 111 109 108 108 106 105 104 104 104 105 105 105 104 104 104 104 105 105 106 105 105 104 103 104 105 106 106 107 109 110 108 107 108 110 110 112 112 112 111 110 109 107 105 104 105 106 106 106
143 141 140 141 142 141 140 138 137 137 138 138 138 138 138 136 135 135 136 136 136 136 135 134 133 131 130 132 133 132 130 128 128 127 126 124 123 123 123 121 120 120 120 121 121 119 116 114 111 108 108 107 107 106 104 105 105 105 105 105 104 104 104 105 105 106 106 106 105 102 101 102 104 106 107 107 109 109 108 107 108 108 109 110 111 111 111 110 109 107 105 105 106 108 109 109
140 140 140 141 141 141 140 138 136 135 136 138 138 136 135 133 134 135 136 137 135 133 134 134 132 131 132 133 134 133 130 128 127 127 125 122 121 120 120 118 117 117 116 115 116 116 115 112 109 107 106 106 107 106 105 105 106 106 105 105 105 105 104 105 105 105 105 104 103 101 101 102 104 107 107 107 107 107 108 108 106 106 106 107 108 110 110 109 108 107 106 107 108 110 111 110
140 138 138 140 140 141 140 138 136 134 136 137 137 136 134 133 134 135 135 133 130 129 131 131 132 132 133 132 132 131 129 127 126 125 124 122 119 116 116 115 115 115 113 112 113 114 113 111 108 107 106 106 107 106 106 106 105 105 105 105 105 104 104 104 104 104 105 104 102 101 102 103 105 107 107 107 106 107 108 108 107 106 106 106 108 109 109 108 108 106 107 108 109 109 110 109
139 137 137 139 140 141 140 138 137 137 137 137 137 136 134 132 133 133 132 131 127 126 127 130 132 132 132 130 129 129 128 127 125 124 122 121 117 115 114 114 114 114 114 113 112 112 112 110 109 107 107 107 107 107 107 106 105 105 105 106 105 104 103 103 104 105 105 103 102 102 103 105 105 107 108 108 107 107 108 108 107 106 106 107 107 107 107 108 109 108 109 110 109 108 108 107
136 135 137 138 141 141 140 139 139 139 138 137 137 136 134 132 131 130 130 128 126 125 125 128 131 132 130 127 127 127 126 125 124 121 120 119 118 114 114 114 115 115 115 113 111 111 112 111 109 107 107 108 108 107 106 106 105 105 106 106 106 104 103 104 105 106 104 103 102 102 104 105 106 106 107 107 106 106 106 106 106 106 106 106 105 104 105 108 109 109 109 109 107 106 106 105
133 134 136 139 141 142 141 141 140 139 137 136 137 136 134 132 130 129 128 127 126 125 124 126 129 130 129 126 123 123 122 122 121 118 117 118 116 115 115 116 118 119 116 115 114 114 114 112 109 108 108 109 108 107 106 106 106 107 107 107 106 105 104 104 105 105 104 103 102 103 105 106 106 106 105 105 105 105 105 106 106 106 106 105 103 102 102 105 107 107 108 107 106 106 106 105
132 133 135 139 140 141 142 141 139 138 136 136 137 136 134 133 131 129 127 126 125 123 122 124 126 127 127 124 121 118 118 118 119 117 117 118 116 117 118 120 124 124 121 118 116 115 114 112 110 108 107 108 108 107 106 106 106 107 107 106 106 105 104 105 105 105 105 104 104 105 106 107 106 105 103 102 102 104 105 106 106 105 105 104 103 101 101 103 105 105 107 107 106 106 107 106
132 132 135 137 139 141 141 139 137 136 135 136 138 136 134 133 132 129 127 126 124 122 118 122 124 125 124 123 119 115 113 114 115 115 116 118 119 119 120 122 127 129 125 120 117 115 112 111 109 106 105 106 107 106 106 106 106 106 106 105 105 105 105 105 106 106 106 105 105 105 106 106 105 103 102 100 101 103 105 106 106 106 105 105 104 103 103 104 104 105 105 105 105 105 107 105
131 131 132 135 137 138 137 135 133 132 131 133 134 134 132 130 129 128 127 126 125 121 119 120 122 121 120 119 116 113 111 111 112 112 114 116 117 118 120 124 129 130 126 122 117 114 112 111 109 107 106 107 107 107 107 106 105 106 106 105 105 106 106 107 107 107 106 105 104 104 104 104 103 103 102 101 102 103 104 105 107 107 106 105 105 104 104 104 104 104 103 103 104 104 104 104
131 128 128 130 133 134 134 131 129 127 127 128 130 132 131 129 126 126 124 125 124 122 119 118 118 117 115 115 114 114 113 112 111 111 113 114 114 115 120 125 128 127 125 121 117 114 111 110 109 108 109 108 108 108 108 106 106 106 106 105 105 106 107 107 107 107 107 106 105 104 103 103 103 103 103 103 103 103 102 104 105 106 106 104 104 104 104 104 104 104 103 102 102 102 102 102
132 128 125 125 128 130 131 128 125 124 124 127 129 131 130 126 124 122 122 121 120 119 118 117 116 114 113 113 114 115 113 112 111 110 111 113 113 115 119 121 122 121 121 119 116 113 109 108 108 108 108 108 108 109 108 107 107 108 107 106 106 107 107 108 108 108 107 106 105 103 102 103 103 103 103 104 104 103 101 101 103 104 104 103 103 104 103 103 104 104 103 101 101 100 100 101
132 130 126 125 125 127 127 126 123 121 123 126 127 128 126 124 121 120 119 118 117 116 116 116 115 113 112 113 113 112 112 111 111 110 110 112 113 114 115 116 117 117 116 113 112 110 108 107 106 106 106 107 108 109 108 107 107 108 107 106 106 106 107 107 107 107 106 106 105 103 102 103 103 103 103 103 104 103 102 101 102 103 103 103 103 103 103 104 104 103 102 101 100 100 100 101
133 131 129 125 124 124 125 125 123 121 120 122 123 124 123 122 120 118 117 116 115 115 115 114 114 113 113 113 113 111 111 112 111 110 110 111 112 113 112 113 114 114 112 109 108 109 108 106 106 106 106 107 107 107 107 107 107 108 107 106 105 105 105 106 106 106 105 105 105 103 102 103 104 103 103 103 103 103 103 102 102 102 102 102 103 102 103 103 103 103 102 102 101 100 100 100
133 132 130 127 123 124 124 123 123 120 119 118 119 120 120 120 118 117 116 115 114 115 115 114 114 113 113 114 113 111 112 113 112 110 110 111 112 112 111 111 112 111 110 107 106 108 107 107 107 107 107 106 105 105 106 106 107 108 107 105 105 104 105 105 105 104 104 104 104 103 102 103 104 104 103 103 103 104 103 102 102 102 102 103 103 103 103 102 103 103 103 102 101 100 99 101
135 133 131 127 124 123 122 122 121 120 118 118 118 118 119 119 118 116 115 114 114 115 115 115 114 113 112 112 111 111 112 113 112 110 110 111 111 110 109 109 110 110 109 107 105 106 107 108 108 107 108 107 107 107 107 107 108 107 106 104 104 104 104 105 105 104 103 103 103 102 102 103 104 103 104 103 103 104 103 102 102 103 104 104 104 104 104 103 103 103 103 102 102 101 100 101
135 133 131 126 122 121 120 120 120 119 118 118 117 118 119 117 116 116 115 114 115 115 115 115 114 113 111 110 109 110 111 112 111 109 109 110 111 110 108 108 109 110 110 108 106 107 108 109 109 108 108 109 109 110 110 109 108 107 105 104 104 104 105 105 104 103 104 104 103 102 102 103 103 102 102 102 103 104 104 103 103 103 104 104 104 105 105 104 102 102 101 101 103 103 103 102
135 134 131 127 124 122 120 119 119 119 118 118 118 117 117 116 115 115 114 114 114 114 115 114 113 112 111 110 110 110 111 112 110 109 109 110 111 111 109 108 109 111 111 111 110 111 110 110 109 109 109 110 110 110 108 107 106 106 105 106 106 106 107 108 105 104 104 104 103 101 101 103 103 102 101 102 104 105 105 104 103 103 103 103 104 106 105 104 103 102 101 101 103 105 105 104
137 137 134 131 128 124 121 119 119 119 118 117 118 116 116 116 115 114 113 113 113 114 113 112 112 112 112 112 112 113 113 112 111 110 109 110 111 111 110 109 109 111 112 112 113 113 112 111 110 110 109 109 109 108 106 106 107 107 107 107 107 106 108 109 108 105 104 104 103 102 101 102 103 102 102 102 104 106 106 104 103 102 103 102 104 106 105 104 103 103 103 102 104 105 105 104
138 137 136 133 129 124 121 121 119 118 117 118 118 116 115 116 115 114 113 113 113 113 113 112 112 112 113 112 113 113 113 113 112 110 110 110 111 111 110 109 109 111 113 115 116 116 114 112 110 110 109 108 108 107 106 106 108 109 108 107 106 105 106 108 107 105 103 103 103 103 102 102 103 103 104 104 105 106 105 103 103 103 102 101 101 103 103 103 103 104 104 104 105 105 104 103
135 135 134 131 128 124 122 122 120 118 119 120 119 117 116 116 116 114 113 113 113 114 113 113 113 113 113 113 113 113 113 112 111 110 110 110 111 112 112 110 110 112 115 117 118 117 115 113 110 109 110 109 108 107 107 108 108 108 108 106 105 103 103 105 106 105 103 103 104 103 103 104 104 105 106 106 106 106 104 102 102 103 101 100 100 101 101 101 103 104 105 105 105 104 103 102
