resources/quena_map.asc
ncols        720
nrows        720
xllcorner    32.679861111111
yllcorner    25.020138888889
cellsize     0.000277777778
[rows 0 to 47 of 720, columns 576 to 671 of 720]
198 198 198 193 188 182 178 175 174 174 174 175 175 176 177 176 175 175 175 176 177 177 176 175 172 174 176 180 187 198 209 221 230 237 244 244 239 236 235 229 220 217 220 228 235 233 224 218 212 207 202 200 201 197 194 192 191 190 190 189 187 186 186 187 188 189 191 192 195 196 198 200 206 214 221 228 236 244 248 250 252 254 253 251 251 252 250 245 241 237 233 233 238 242 245 248
196 195 197 195 188 184 179 176 173 173 174 176 175 175 175 176 175 174 174 176 177 177 176 173 172 175 178 183 195 204 213 222 229 233 239 241 236 232 230 225 218 214 219 224 231 234 226 219 213 207 202 200 199 196 193 191 189 188 189 189 188 186 186 187 188 189 189 190 194 198 201 204 208 214 220 227 235 244 250 252 253 254 254 252 251 251 249 246 242 239 234 233 235 240 244 250
196 194 194 194 190 184 179 175 173 173 175 176 176 174 174 175 175 174 174 175 177 177 175 173 175 179 179 186 197 206 213 220 225 231 239 241 234 230 226 220 213 212 216 221 228 232 228 222 216 210 204 200 198 196 194 191 189 188 188 188 188 187 186 188 189 189 190 193 198 201 204 208 212 217 223 232 239 245 251 252 252 253 254 254 251 249 247 246 242 236 233 232 235 240 247 252
196 191 190 191 188 184 181 177 173 173 175 176 176 174 173 174 175 175 174 174 174 174 174 173 175 177 180 188 197 205 210 216 222 228 238 242 238 230 224 216 210 210 214 220 227 230 226 222 216 209 202 199 197 196 195 192 190 188 187 187 188 187 187 188 188 188 192 194 197 200 204 209 216 222 230 238 244 248 250 251 251 252 254 253 251 248 246 244 240 233 229 231 235 241 247 250
194 190 187 188 186 183 180 174 173 173 173 174 174 173 172 173 174 175 175 174 172 173 173 173 174 177 178 186 196 204 210 214 220 226 235 243 241 235 228 216 208 208 211 218 225 227 225 221 217 209 202 200 197 196 194 192 190 188 187 187 187 187 188 188 188 188 190 192 194 199 203 210 218 225 234 241 248 250 250 249 249 250 251 251 251 248 246 244 239 232 227 229 235 240 244 247
195 191 187 185 183 182 177 173 173 175 173 172 173 173 173 174 175 175 176 174 172 172 172 174 176 176 178 183 195 205 211 214 218 225 231 235 237 238 229 216 208 206 206 213 218 221 223 219 215 211 208 204 198 195 193 191 189 188 187 187 186 186 186 188 189 189 191 191 193 197 201 208 218 228 235 240 245 248 248 246 244 245 247 250 252 251 247 242 237 230 226 228 233 238 242 246
197 191 187 182 180 179 175 171 174 174 173 172 174 175 175 175 175 175 175 174 173 172 173 174 174 175 178 185 197 210 211 212 217 221 224 228 232 234 229 218 211 207 206 207 212 215 217 217 214 212 208 204 199 195 192 191 190 188 187 184 183 183 184 187 189 190 191 193 195 197 202 209 219 227 232 236 241 248 247 244 240 240 243 248 251 249 243 237 233 228 226 227 231 235 241 248
198 191 185 179 177 176 174 171 172 173 172 173 175 175 175 175 174 174 174 174 173 172 173 173 174 177 181 187 201 207 209 211 216 217 220 226 230 232 229 223 215 208 205 205 206 207 209 209 208 207 205 202 200 196 192 191 189 189 185 182 180 181 183 185 189 191 192 195 199 208 211 217 222 225 228 229 234 243 244 242 239 239 242 245 247 246 240 235 230 226 226 228 232 237 244 250
198 192 184 177 174 173 172 170 170 171 171 174 176 177 176 175 173 172 172 172 172 171 172 173 175 177 181 192 199 205 209 213 215 215 217 224 227 229 230 226 219 211 205 202 202 203 201 202 202 202 200 199 198 195 191 189 188 188 185 182 181 182 183 186 191 194 196 198 203 212 218 221 222 224 223 223 229 236 239 239 237 237 240 241 244 242 237 231 225 225 226 227 232 239 246 249
201 195 186 179 174 172 171 170 170 170 170 173 178 179 178 175 173 172 171 170 170 171 172 173 173 175 185 194 200 204 207 210 213 215 218 221 223 226 227 226 219 213 206 203 201 198 196 195 196 196 194 194 193 191 188 187 187 187 186 183 183 183 185 187 193 197 200 202 206 212 218 220 221 219 217 219 225 230 233 234 233 236 239 242 244 241 233 227 223 224 226 227 231 238 246 250
205 198 190 184 178 173 170 169 168 168 169 172 176 178 177 175 173 172 171 170 171 171 170 170 172 177 185 194 197 199 202 205 210 214 218 219 220 222 223 222 220 216 211 207 203 199 194 191 192 192 191 189 189 188 187 186 187 187 185 183 183 185 187 189 193 197 200 204 207 210 213 215 214 211 212 216 219 223 226 226 228 235 240 245 244 240 234 228 223 224 226 228 230 236 243 250
203 195 190 184 179 174 169 168 166 166 167 170 173 174 174 172 170 170 169 169 170 170 169 169 171 178 186 191 195 196 198 202 208 213 215 217 217 219 222 222 221 218 214 209 206 202 198 194 191 191 189 188 190 190 188 188 187 186 185 185 185 187 188 188 192 196 198 201 204 206 207 209 208 207 208 211 213 215 219 220 227 235 241 244 244 240 235 230 225 223 224 227 229 235 243 251
199 193 188 184 179 173 169 167 166 166 168 170 171 172 171 169 169 168 168 168 169 170 170 170 171 178 184 187 189 192 198 204 210 211 213 214 214 216 220 222 222 221 215 211 206 203 200 197 193 191 188 188 189 189 188 188 187 186 185 186 188 188 187 188 192 197 196 198 200 202 204 204 203 204 207 209 211 213 217 223 230 237 242 245 245 240 233 229 225 222 223 227 232 239 246 251
197 193 187 182 177 173 167 167 167 169 171 171 171 170 169 169 169 169 170 169 170 170 170 171 173 177 183 186 188 192 200 207 209 210 211 211 212 214 219 221 224 223 219 213 207 202 199 195 194 191 189 188 187 187 188 188 187 184 183 186 187 187 187 188 191 193 193 194 197 198 199 199 201 205 212 215 215 218 222 228 235 240 244 246 244 236 229 224 222 221 222 227 233 242 249 252
203 196 187 180 176 173 168 166 169 171 171 171 170 169 167 168 170 171 172 172 171 169 169 169 176 180 186 192 195 199 201 203 207 209 210 211 213 217 221 223 226 229 224 214 207 202 198 194 193 192 190 188 187 185 186 186 186 182 182 184 186 189 189 190 191 190 191 194 196 196 197 199 202 209 217 220 222 225 229 235 240 245 246 244 241 233 227 222 220 219 220 225 233 244 249 253
207 200 186 178 174 170 165 165 168 169 168 169 169 170 168 167 168 169 171 172 172 173 174 178 181 183 188 194 198 199 199 200 203 206 208 212 214 217 222 226 229 232 226 215 207 202 199 195 192 191 190 189 187 184 184 185 184 184 183 184 187 190 191 192 191 191 192 195 196 196 198 201 205 210 215 220 225 229 235 239 244 247 247 244 239 232 226 222 220 219 221 227 234 243 248 252
207 198 187 176 170 167 165 164 166 167 166 166 168 169 168 166 167 169 171 174 176 180 185 187 188 189 190 196 198 199 200 201 203 206 208 210 213 215 218 222 228 231 229 217 210 204 201 196 189 186 187 188 188 185 184 183 184 184 184 185 187 189 190 191 193 193 195 198 198 196 199 203 207 213 216 223 229 235 240 243 244 246 247 244 239 232 226 221 219 218 222 228 234 242 248 251
204 195 184 174 169 167 166 164 166 166 165 166 167 167 167 167 169 171 174 177 179 183 186 190 192 193 195 197 200 200 202 203 205 206 207 208 211 213 215 220 225 227 224 218 210 203 200 196 189 185 185 187 187 185 182 182 182 182 184 185 188 189 189 191 194 196 197 200 200 201 205 208 214 219 224 231 238 241 243 244 245 247 248 244 238 231 225 221 219 218 220 228 236 244 249 251
201 194 187 175 168 167 167 166 167 167 167 167 168 168 168 170 171 171 173 175 179 182 186 190 193 195 197 198 200 201 203 204 205 205 205 206 209 214 218 221 222 221 220 214 209 202 198 196 193 189 186 187 186 184 182 181 182 183 183 185 186 189 191 193 195 197 197 200 204 207 210 215 219 222 228 236 240 241 241 241 242 246 247 242 236 228 223 220 216 216 220 229 238 244 250 251
197 191 185 175 168 168 167 166 167 168 168 168 168 168 169 171 171 171 172 174 176 180 185 190 193 195 197 198 199 200 202 203 204 204 206 207 211 216 218 221 221 217 213 209 206 201 199 199 197 191 187 185 185 184 182 182 183 183 183 184 186 190 193 195 196 196 197 200 206 209 214 219 224 226 231 236 238 237 235 234 237 242 243 241 236 228 221 217 215 216 221 229 238 245 248 249
194 186 181 173 168 168 166 166 167 168 167 168 169 169 169 170 170 170 171 172 175 177 184 190 193 193 195 197 198 198 199 203 203 205 207 210 213 216 219 221 220 214 209 204 200 198 199 199 197 193 188 186 186 184 183 183 183 184 185 187 187 189 191 192 192 193 195 201 206 211 217 225 229 229 230 232 232 233 232 233 238 244 245 241 236 229 219 214 214 216 220 228 238 245 247 247
190 183 178 174 170 167 167 167 167 167 166 167 168 169 169 170 169 169 170 173 177 182 189 193 192 192 193 195 196 197 198 200 203 206 209 210 212 215 218 219 217 212 207 201 198 195 195 195 195 192 189 185 183 182 181 181 182 183 185 185 186 187 189 189 190 192 196 202 206 211 219 227 230 229 227 227 228 229 233 240 243 245 243 239 234 226 217 213 213 216 219 226 236 244 246 244
189 183 179 176 171 168 167 169 168 166 166 166 167 168 169 169 167 169 172 179 183 189 192 194 194 193 193 194 196 197 197 198 202 207 210 210 211 212 214 215 215 211 205 200 197 193 192 191 192 192 188 183 180 179 180 181 182 183 184 185 185 186 188 189 192 195 198 204 207 214 222 230 229 225 223 225 229 237 240 243 242 242 240 236 231 223 216 213 213 216 219 224 234 242 245 243
189 182 178 174 169 166 167 169 169 167 167 167 167 167 169 169 167 168 175 179 184 188 192 193 193 192 192 194 196 198 199 201 200 209 212 212 211 213 212 212 210 206 201 199 196 193 190 188 189 189 188 185 181 179 180 182 183 183 183 183 184 186 189 191 194 198 201 206 211 217 223 227 225 221 219 224 231 238 243 242 240 239 235 232 228 221 214 210 211 214 217 223 231 238 243 243
189 182 176 173 168 165 166 169 169 166 167 168 166 167 168 170 169 169 173 177 182 187 190 192 191 190 192 194 196 199 206 205 207 211 215 213 212 213 212 207 203 201 200 199 197 194 188 186 185 185 184 184 182 179 180 181 182 183 182 183 184 186 190 192 195 199 204 210 216 221 225 225 222 218 219 223 230 238 241 241 238 235 231 227 224 217 212 209 210 212 216 222 228 234 240 242
189 183 178 172 167 166 167 168 167 164 165 167 167 167 169 170 170 170 171 175 181 187 191 192 190 190 192 194 195 200 204 206 207 211 212 212 212 213 209 202 197 196 197 198 198 193 185 183 182 181 182 182 181 179 179 179 181 182 183 184 185 187 191 193 195 200 209 217 226 230 229 225 221 217 217 222 228 233 236 235 234 229 224 222 219 214 211 210 209 211 217 222 226 233 240 241
190 183 177 170 167 165 166 165 165 164 165 167 168 168 169 170 170 171 173 178 184 188 191 190 189 189 191 192 194 197 200 202 206 209 211 211 211 209 204 197 192 192 193 195 195 190 186 183 181 181 179 180 180 179 178 177 178 181 183 184 185 188 190 192 195 202 211 220 231 232 228 222 217 213 216 219 222 226 228 229 227 223 220 219 217 214 212 211 210 212 217 221 227 234 239 238
187 183 176 171 168 165 165 165 164 165 167 168 168 168 169 170 171 173 176 180 183 185 187 189 189 190 190 191 194 196 197 200 205 210 212 211 209 207 202 195 190 189 190 190 190 188 186 183 182 180 179 179 179 178 177 175 175 179 182 184 185 188 191 194 197 202 208 218 228 230 223 216 212 211 213 216 216 217 218 221 220 219 220 219 216 214 211 209 209 210 215 221 227 232 234 233
182 180 174 170 167 165 165 165 164 165 168 169 169 169 168 169 170 173 176 177 180 181 184 188 191 191 192 191 195 199 200 203 206 211 213 214 212 208 203 197 192 192 190 188 186 184 183 182 181 179 178 178 177 176 176 175 176 179 182 183 185 189 192 195 198 200 209 218 228 228 222 216 210 208 210 211 211 210 212 212 216 220 223 222 218 213 209 209 208 210 214 220 227 231 232 230
177 174 172 169 167 164 163 163 164 166 167 168 168 167 167 167 170 174 176 176 178 181 184 188 191 192 191 191 194 200 202 203 205 209 215 218 215 210 205 201 199 199 195 191 185 182 181 179 179 179 177 177 176 176 176 177 178 181 182 182 185 187 190 196 199 203 211 223 227 227 221 214 206 205 207 209 208 208 208 212 217 224 226 228 223 217 212 209 208 208 214 221 226 230 230 227
171 171 171 170 167 163 162 163 165 167 166 167 167 167 167 168 171 175 176 176 178 181 185 189 191 192 192 193 195 198 200 202 205 210 214 216 214 210 208 206 201 200 198 192 188 184 180 178 177 176 176 175 175 176 177 179 182 183 183 183 186 188 190 195 200 205 214 223 228 225 217 208 203 203 205 205 205 206 209 214 218 225 228 230 228 220 213 209 205 206 212 219 224 228 229 227
168 168 170 170 167 163 162 163 165 166 166 166 168 168 170 171 172 174 176 177 177 180 185 188 191 192 194 197 199 200 200 202 204 206 208 209 207 206 205 203 200 197 194 190 188 183 179 177 175 174 175 175 176 177 180 184 187 187 187 188 190 190 190 194 200 204 211 220 224 223 214 204 200 200 200 200 202 204 211 217 221 229 229 229 228 221 214 208 205 205 208 215 221 227 228 225
167 168 169 168 166 164 164 165 165 166 167 168 170 171 172 172 172 173 176 176 176 178 182 185 189 192 197 202 205 203 202 203 203 202 202 202 200 201 200 199 196 193 190 187 185 181 178 176 173 173 175 177 178 179 182 186 189 191 192 195 196 193 193 196 201 205 209 216 223 221 213 205 200 198 196 197 201 205 210 217 223 230 234 233 226 220 213 207 206 207 208 213 220 226 226 221
167 167 166 165 164 164 166 167 167 168 170 171 172 172 172 172 171 172 174 175 175 175 175 180 186 191 196 203 206 207 207 207 204 200 197 194 193 195 196 193 190 188 186 183 181 178 176 175 173 172 176 180 181 181 185 189 192 195 197 201 200 199 198 202 206 208 210 215 218 216 210 205 200 197 196 198 203 207 212 218 224 233 237 234 226 218 211 207 207 206 207 211 218 222 222 217
167 166 166 165 164 164 166 167 168 170 171 172 172 171 171 171 171 171 171 173 173 173 173 176 182 189 196 202 205 208 211 211 204 197 193 189 189 191 193 190 187 185 183 181 179 176 175 174 173 175 178 182 183 185 188 192 193 196 199 202 203 204 204 206 207 207 206 208 211 210 206 202 199 196 197 202 207 212 217 223 230 235 237 232 223 215 209 207 206 206 206 210 215 217 216 214
168 167 167 165 164 163 164 166 167 169 170 171 171 171 171 172 172 171 171 171 172 172 174 176 180 185 192 198 202 206 210 209 202 196 191 187 185 188 191 189 186 184 182 181 180 177 174 173 174 178 181 183 185 188 192 194 195 197 200 201 202 203 203 204 204 203 201 201 203 203 200 198 196 195 198 203 209 213 219 227 234 237 236 229 221 213 208 206 205 204 206 210 213 213 211 211
168 167 166 165 164 162 163 164 165 167 170 171 171 172 171 171 171 172 172 172 173 173 176 177 178 182 187 194 199 203 205 205 200 195 188 185 184 187 189 187 185 184 181 180 177 175 173 173 177 180 183 183 186 191 194 196 198 199 200 200 199 199 197 198 199 198 196 196 197 196 195 194 195 196 199 204 209 213 220 230 239 238 234 228 221 214 209 205 204 204 206 210 211 210 209 209
166 166 166 164 163 163 164 165 165 166 170 171 172 172 171 171 170 171 171 172 172 173 173 175 177 179 184 190 195 199 200 199 197 191 187 184 184 185 185 184 182 183 180 177 174 173 173 175 178 182 185 185 188 191 194 195 198 199 199 199 198 196 192 191 192 194 193 193 193 192 192 193 195 197 200 204 209 214 221 232 237 237 233 227 221 214 208 204 203 204 206 208 208 208 209 213
165 165 163 162 162 163 165 165 165 166 168 168 169 170 170 170 169 169 169 170 172 171 170 171 171 175 181 187 193 194 195 195 193 188 186 184 184 184 185 183 180 179 176 174 173 172 174 178 179 182 185 187 188 190 192 194 195 196 197 196 195 192 188 187 188 190 191 192 191 191 192 193 196 197 200 204 210 215 221 228 235 236 232 225 219 213 209 205 203 203 204 205 206 207 211 217
166 163 162 162 162 163 165 166 165 166 167 168 169 169 169 169 168 168 168 169 170 170 169 169 168 174 180 187 190 192 192 191 189 187 184 183 183 184 185 182 178 174 172 171 172 172 177 180 181 183 184 185 187 189 191 191 192 192 192 192 190 188 187 187 188 189 191 192 193 192 193 195 197 198 201 205 209 212 217 223 230 234 232 227 219 214 210 206 203 202 202 204 206 208 214 219
169 166 164 163 162 162 164 166 167 168 170 170 170 169 170 169 169 168 167 167 169 168 167 168 170 177 184 188 190 189 190 188 185 183 182 181 180 181 181 180 177 173 171 171 173 176 180 182 182 183 183 184 185 187 188 187 187 187 187 187 186 186 187 188 190 191 192 194 196 195 195 197 200 201 202 205 206 209 213 220 227 232 231 225 217 212 208 204 202 200 200 203 208 211 212 216
173 169 165 163 161 161 163 166 167 169 170 170 169 169 169 169 168 167 166 166 166 166 165 167 171 178 184 187 188 187 187 185 183 182 181 179 178 178 177 176 175 172 170 171 175 179 182 182 182 182 182 182 183 184 184 184 185 184 184 183 183 185 186 188 190 191 192 194 195 194 195 197 202 205 205 206 208 210 213 220 228 231 228 221 215 209 205 202 200 199 200 202 206 209 209 212
174 169 163 160 160 160 160 163 165 167 169 169 168 167 167 167 166 166 166 165 166 166 165 167 170 176 181 185 186 186 185 184 184 183 181 179 177 175 173 172 171 170 169 172 176 179 181 181 181 181 180 181 182 183 182 183 183 183 183 183 183 183 185 188 189 191 192 193 194 195 196 198 203 209 211 213 215 217 219 223 229 230 224 217 211 207 203 200 199 199 200 203 204 206 207 210
175 169 164 162 161 160 160 161 163 166 168 168 167 166 166 167 167 167 167 166 165 165 164 166 169 175 180 182 184 185 184 184 183 182 178 176 174 170 168 169 169 168 171 177 179 180 181 180 181 180 180 180 182 183 183 183 184 184 185 185 184 185 187 189 191 190 192 194 195 196 198 200 203 207 212 217 221 222 224 227 228 227 220 212 208 203 201 200 200 200 201 202 202 205 207 209
179 171 167 163 162 162 162 161 163 165 167 169 167 166 166 167 168 167 167 166 166 165 165 166 170 174 178 181 183 183 183 182 181 179 176 173 170 166 165 168 171 173 175 179 180 181 181 180 179 179 178 178 181 183 184 185 185 185 186 187 187 188 189 191 192 191 193 196 196 197 199 201 203 206 212 219 224 223 224 226 226 223 216 209 204 201 200 199 199 199 199 200 203 206 209 211
182 175 168 164 162 162 160 160 162 164 166 167 165 163 165 167 167 167 167 167 167 167 166 165 169 172 177 182 184 186 185 183 178 176 174 169 165 162 162 166 172 175 177 179 180 180 180 178 178 178 178 179 182 184 186 187 187 187 187 188 188 189 189 191 194 196 199 198 198 198 200 203 205 208 213 218 220 220 221 222 220 217 212 206 202 199 199 199 197 197 198 201 205 210 211 213
185 180 172 167 164 162 161 161 162 164 166 165 163 162 164 167 167 167 168 169 168 167 166 166 166 170 175 181 186 189 188 185 179 175 171 167 163 163 162 165 170 174 177 178 178 179 178 177 178 182 183 184 186 187 187 188 189 189 189 188 189 189 190 192 196 202 205 204 201 201 202 204 208 211 213 214 216 215 216 216 215 213 211 205 201 199 198 197 196 196 198 201 205 208 210 212
188 183 177 170 164 161 161 161 163 165 166 165 163 162 164 166 166 165 167 168 167 166 165 165 166 167 171 178 184 187 188 186 181 177 171 166 163 163 163 163 168 173 175 177 178 177 178 177 182 186 188 188 189 189 188 188 191 191 191 189 189 190 192 195 198 203 208 207 205 203 203 206 209 211 212 211 211 211 213 213 211 211 209 205 200 197 197 197 196 195 197 200 202 204 207 208
